=== Automotive PUF Entropy Analysis ===

Burn-In    | ECC T | Stable   | Mask Loss  | Helper(b)  | Eff. Ent.  | Ent/Cell
-------------------------------------------------------------------------------------
0          | 5     | 1024.0   | 0.0        | 56.0       | 966.8      | 0.944
0          | 10    | 1024.0   | 0.0        | 112.0      | 911.5      | 0.890
0          | 15    | 1024.0   | 0.0        | 168.0      | 855.5      | 0.835
0          | 20    | 1024.0   | 0.0        | 224.0      | 799.6      | 0.781
5          | 5     | 264.6    | 759.4      | 48.0       | 216.3      | 0.211
5          | 10    | 269.2    | 754.8      | 96.0       | 173.1      | 0.169
5          | 15    | 259.8    | 764.2      | 136.0      | 123.7      | 0.121
5          | 20    | 270.8    | 753.2      | 184.0      | 85.9       | 0.084
10         | 5     | 89.8     | 934.2      | 40.0       | 48.2       | 0.047
10         | 10    | 96.0     | 928.0      | 80.0       | 15.6       | 0.015
10         | 15    | 85.2     | 938.8      | 120.0      | -35.1      | -0.034
10         | 20    | 76.2     | 947.8      | 160.0      | -84.0      | -0.082
20         | 5     | 11.0     | 1013.0     | 32.0       | -21.9      | -0.021
20         | 10    | 8.4      | 1015.6     | 72.0       | -64.0      | -0.062
20         | 15    | 12.0     | 1012.0     | 113.6      | -101.8     | -0.099
20         | 20    | 9.2      | 1014.8     | 160.0      | -151.4     | -0.148

Analysis Complete.
